# MAG          N-AS          N-FS        MS-ID; note N_AS=0 highlights singles or FS only
     6.100        26         0        189996
     5.900         4         0        189993
     4.900         3         1        190002
     5.800         1         2        190014
     4.700         1         0        190020
     5.200         0         2        190037
     5.800        11         0        190040
     4.900         5         9        190205
     4.700         0         1        190057
     5.300         5         0        190058
     5.400         1         0        190012
     6.100        18         4        190101
     4.800         1         0        190078
     5.000         8         0        190083
     5.400         7         0        190085
     5.200         1         1        190112
     5.200         4         0        190121
     5.300         7         0        190133
     4.700         1         0        190071
     4.900         4         1        190145
     5.100         3         0        190155
     4.800         0         1        190169
     5.300         1         2        190177
     4.600         0         1        190179
     5.700         1         2        190182
     5.100         8         0        190130
     5.100         5         0        189990
     4.900         0         1        190218
     4.900         0         1        190220
     5.600         1         0        190210
     5.700         5         1        190229
     4.900         2         1        190245
     4.800         0         1        190246
     4.800         0         1        190249
     4.800         1         0        190250
     4.700         1         1        190267
     4.500         1         0        190263
     5.200         3         1        190270
     4.700         2         0        190262
     5.400         6         1        190274
     4.700         1         0        190237
     5.100         9         0        190292
     5.000         3         1        190298
     5.200         1         4        190334
     5.600         2         1        190302
     4.800         1         1        190316
     4.700         1         1        190322
     4.800         1         0        190306
     4.900         3         0        190340
     5.000         1         1        190348
     5.500         2         0        190351
     5.000         1         0        190343
     4.900         1         1        190355
     5.100         1         1        190358
     5.400         4         1        190367
     5.000         3         2        190380
     4.700         0         1        190385
     4.800         1         0        190386
     6.000        10         0        190392
     5.200         0         1        190401
     4.500         2         0        190402
     4.900         1         0        190418
     4.800         3         0        190428
     5.200         2         0        190436
     5.100         2         0        190435
     4.900         2         1        190443
     5.600        10         1        190455
     4.700         6         1        190461
     5.100         1         0        190468
     4.800         1         0        190464
     4.700         1         0        190491
     5.200         1         0        190496
     4.800         1         0        190495
     4.900         0         2        190871
     4.800         0         1        190506
     4.600         1         0        190486
     4.800         0         1        190512
     4.900         0         1        190529
     4.800         1         0        190521
     4.900         0         1        190532
     5.500         1         2        190793
     5.100         7         2        190543
     4.800         1         0        190541
     4.900         1         0        190526
     4.700         0         1        190549
     6.000         4         3        190567
     4.700         3         0        190552
     5.200         2         1        190556
     6.100         0         2        190578
     5.100         5         0        190417
     5.700         3         1        190598
     5.200         3         1        190605
     4.800         2         0        190612
     5.700         3         0        190625
     5.200         2         0        190645
     5.100         5         6        190694
     4.800         1         0        190670
     5.200         1         0        190669
     4.700         1         0        190642
     4.600         0         1        190681
     4.900         0         3        190688
     4.900         1         0        190704
     4.900         0         1        190709
     4.700         1         0        190714
     4.800         0         1        190722
     5.300         1         0        190719
     5.200         0         1        190738
     6.200         8         0        190739
     5.200         2         0        190746
     5.200         1         0        190755
     4.900         1         0        190758
     5.500         2         0        190764
     5.800         2         0        190767
     4.800         0         1        190785
     5.000         0         1        190795
     5.500         2         3        190876
     5.100         0         1        190810
     4.900         1         0        190801
     4.800         1         0        190805
     5.500         4         0        190819
     4.800         0         1        190830
     4.700         1         0        190837
     4.800         1         0        190841
     5.300         1         0        190751
     5.000         1         0        190862
     4.900         1         0        190861
     5.300         1         0        190864
     5.900         2         0        190885
     4.900         1         0        190898
     4.800         1         0        190921
     4.700         1         0        190918
     4.800         1         0        190935
     4.600         1         0        190883
     5.100         1         2        190946
     5.200         1         1        190970
     5.800         1         0        190990
     5.200         3         0        190962
     5.000         0         3        191007
     4.900         2         0        191015
     4.900         1         1        191023
     4.600         1         0        191030
     5.000         1         0        191037
     4.600         1         1        191060
     4.700         1         2        191068
     4.700         1         0        191069
     4.700         0         1        191076
     4.900         1         0        191084
     6.400         2         0        191086
     4.900         2         0        191093
     5.400         1         0        190950
     4.900         1         0        191103
     6.100         1         0        191100
     6.400         3         0        191101
     5.700         4         1        191109
     5.900        10         0        191121
     5.100         2         0        191130
     5.500         5         0        191152
     5.000         3         0        191159
     5.200         1         0        191175
     4.800         1         0        191201
     5.100         0         1        191204
     4.600         4         0        191205
     4.900         1         0        191215
     4.800         0         1        191229
     4.800         0         2        191263
     5.100         1         0        191112
     5.400         5         0        191247
     5.300         1         0        191274
     4.900         1         0        191255
     4.800         1         0        191296
     4.700         0         1        191299
     5.100         0         2        191320
     5.300         2         0        191312
     4.800         1         0        191304
     4.700         1         0        191326
     4.800         0         1        191348
     4.800         0         1        191360
     4.500         1         0        191364
     6.200         2         0        191370
     4.600         1         0        191368
     5.200         1         1        191376
     5.200         1         0        191383
     6.100         3         0        191416
     4.600         1         0        191426
     4.600         1         0        191434
     4.900         0         1        191442
     5.700         3         0        191447
     4.700         0         1        191460
     5.100         1         0        191455
     4.600         1         0        191515
     4.800         1         0        191525
     4.500         1         0        191558
     4.800         1         0        191566
     4.700         1         0        191568
     4.700         1         0        191590
     5.200         1         0        191593
     5.000         0         1        191605
     4.700         1         0        191606
     5.100         1         0        191624
     4.800         1         0        191598
     4.700         1         0        191682
     4.800         0         1        191688
     5.000         1         0        191679
     7.100         4         0        191731
     4.500         1         0        191737
     4.700         3         0        191760
     4.700         1         0        191783
     4.600         1         0        191785
     4.700         1         0        191796
     4.700         1         0        191813
     4.600         1         0        191816
     4.500         1         0        191819
     6.600        30         0        191837
     5.500         1         0        191877
     5.600         0         1        191902
     6.000         6         0        191927
     4.600         1         0        191951
     4.500         1         0        191956
     4.700         0         1        192027
     4.600         0         1        192031
     4.800         0         1        192100
     5.800         1         2        192125
     5.100         1         0        192134
     4.700         0         1        192184
     4.800         2         0        192247
     5.100         1         0        192321
     5.000         0         1        192334
     6.000         2         0        192441
     4.500         1         0        192517
     5.600         2         0        192529
     5.200         1         0        192545
     4.700         0         1        192639
     6.100         1         0        192710
     4.800         0         7        192926
     5.000         0         1        192922
     4.800         1         1        193049
     5.400         0         1        193115
     4.500         0         0        189972
     4.500         0         0        189973
     4.800         0         0        189974
     5.300         0         0        189975
     4.500         0         0        189976
     4.500         0         0        189977
     4.800         0         0        189978
     4.700         0         0        189979
     4.900         0         0        189981
     4.700         0         0        189983
     4.900         0         0        189984
     4.900         0         0        189985
     4.700         0         0        189986
     4.800         0         0        189987
     4.900         0         0        189988
     4.800         0         0        189989
     4.600         0         0        189991
     4.500         0         0        190004
     4.600         0         0        190011
     4.700         0         0        190017
     4.600         0         0        190019
     4.800         0         0        190023
     5.100         0         0        190027
     4.700         0         0        190030
     4.500         0         0        190035
     4.500         0         0        190041
     4.500         0         0        190052
     4.600         0         0        190054
     4.700         0         0        190059
     4.700         0         0        190064
     4.600         0         0        190068
     5.100         0         0        190070
     5.000         0         0        190072
     4.900         0         0        190076
     4.900         0         0        190077
     4.600         0         0        190080
     4.700         0         0        190082
     4.700         0         0        190098
     4.800         0         0        190099
     5.000         0         0        190110
     4.500         0         0        190144
     4.900         0         0        190149
     4.500         0         0        190150
     4.600         0         0        190153
     4.700         0         0        190157
     4.600         0         0        190162
     4.600         0         0        190165
     4.500         0         0        190166
     4.900         0         0        190170
     4.900         0         0        190172
     4.600         0         0        190173
     4.600         0         0        190193
     5.100         0         0        190204
     4.800         0         0        190209
     4.800         0         0        190211
     4.800         0         0        190213
     4.700         0         0        190214
     4.800         0         0        190215
     4.700         0         0        190216
     4.700         0         0        190217
     4.700         0         0        190222
     4.800         0         0        190223
     4.500         0         0        190226
     4.700         0         0        190232
     4.800         0         0        190233
     4.700         0         0        190235
     4.700         0         0        190238
     4.500         0         0        190241
     4.700         0         0        190243
     4.700         0         0        190254
     5.400         0         0        190255
     4.900         0         0        190257
     4.500         0         0        190258
     4.700         0         0        190259
     4.500         0         0        190261
     4.500         0         0        190268
     5.000         0         0        190278
     4.500         0         0        190280
     4.700         0         0        190281
     4.600         0         0        190289
     4.500         0         0        190304
     4.900         0         0        190311
     4.800         0         0        190312
     5.200         0         0        190315
     4.700         0         0        190327
     4.800         0         0        190328
     4.900         0         0        190331
     4.700         0         0        190332
     4.800         0         0        190333
     4.700         0         0        190335
     4.700         0         0        190337
     4.900         0         0        190338
     4.700         0         0        190342
     4.800         0         0        190346
     4.600         0         0        190349
     4.600         0         0        190359
     5.200         0         0        190360
     4.500         0         0        190363
     4.600         0         0        190364
     4.800         0         0        190365
     5.200         0         0        190369
     4.600         0         0        190372
     4.500         0         0        190375
     4.500         0         0        190376
     4.800         0         0        190377
     4.500         0         0        190382
     4.500         0         0        190388
     4.700         0         0        190390
     5.200         0         0        190396
     4.600         0         0        190407
     4.800         0         0        190408
     5.000         0         0        190410
     4.700         0         0        190412
     4.500         0         0        190413
     4.800         0         0        190414
     4.800         0         0        190416
     4.700         0         0        190420
     4.800         0         0        190421
     4.700         0         0        190423
     4.500         0         0        190426
     4.600         0         0        190427
     4.700         0         0        190433
     4.600         0         0        190434
     4.800         0         0        190438
     4.500         0         0        190440
     4.500         0         0        190444
     4.600         0         0        190447
     4.600         0         0        190448
     4.700         0         0        190449
     4.800         0         0        190451
     4.600         0         0        190454
     4.600         0         0        190460
     4.500         0         0        190466
     4.600         0         0        190472
     4.700         0         0        190473
     4.600         0         0        190481
     4.600         0         0        190482
     4.600         0         0        190484
     5.000         0         0        190485
     4.700         0         0        190488
     4.800         0         0        190489
     4.800         0         0        190490
     4.900         0         0        190499
     4.700         0         0        190504
     4.700         0         0        190507
     4.700         0         0        190508
     5.000         0         0        190513
     4.700         0         0        190516
     4.500         0         0        190517
     4.500         0         0        190519
     4.800         0         0        190520
     4.500         0         0        190523
     4.500         0         0        190524
     4.800         0         0        190525
     4.600         0         0        190535
     5.400         0         0        190536
     4.600         0         0        190537
     4.700         0         0        190539
     4.600         0         0        190544
     4.500         0         0        190547
     4.800         0         0        190554
     4.900         0         0        190560
     5.500         0         0        190561
     4.600         0         0        190563
     4.900         0         0        190564
     4.500         0         0        190566
     6.000         0         0        190568
     4.700         0         0        190571
     4.700         0         0        190572
     4.700         0         0        190582
     4.600         0         0        190584
     4.600         0         0        190586
     4.500         0         0        190587
     5.400         0         0        190589
     4.900         0         0        190590
     4.500         0         0        190593
     4.700         0         0        190596
     4.700         0         0        190599
     5.000         0         0        190600
     4.800         0         0        190601
     4.800         0         0        190602
     4.800         0         0        190607
     4.800         0         0        190609
     4.800         0         0        190613
     4.700         0         0        190614
     4.500         0         0        190615
     4.500         0         0        190617
     4.900         0         0        190618
     4.500         0         0        190620
     4.500         0         0        190621
     4.800         0         0        190622
     4.500         0         0        190623
     4.600         0         0        190624
     4.600         0         0        190628
     4.900         0         0        190629
     4.800         0         0        190630
     4.700         0         0        190631
     5.700         0         0        190632
     4.900         0         0        190634
     4.800         0         0        190635
     4.600         0         0        190639
     4.700         0         0        190641
     4.600         0         0        190643
     4.800         0         0        190644
     4.800         0         0        190646
     4.600         0         0        190651
     5.000         0         0        190652
     4.700         0         0        190654
     4.900         0         0        190655
     5.000         0         0        190660
     4.900         0         0        190661
     5.300         0         0        190662
     4.800         0         0        190664
     4.700         0         0        190666
     4.600         0         0        190667
     4.700         0         0        190668
     5.000         0         0        190673
     4.700         0         0        190674
     4.800         0         0        190678
     4.700         0         0        190679
     4.600         0         0        190690
     4.500         0         0        190691
     4.700         0         0        190696
     4.700         0         0        190697
     4.600         0         0        190698
     4.600         0         0        190702
     4.900         0         0        190706
     4.800         0         0        190710
     4.500         0         0        190711
     4.700         0         0        190713
     4.700         0         0        190715
     4.800         0         0        190716
     4.800         0         0        190718
     4.600         0         0        190721
     4.800         0         0        190728
     4.700         0         0        190731
     4.700         0         0        190733
     4.700         0         0        190736
     4.500         0         0        190737
     4.500         0         0        190745
     4.700         0         0        190749
     4.900         0         0        190753
     4.800         0         0        190754
     4.500         0         0        190761
     4.500         0         0        190762
     4.500         0         0        190763
     4.500         0         0        190766
     4.800         0         0        190770
     4.700         0         0        190771
     4.700         0         0        190773
     4.800         0         0        190774
     4.700         0         0        190777
     4.700         0         0        190778
     4.500         0         0        190779
     4.900         0         0        190780
     4.700         0         0        190781
     4.900         0         0        190782
     4.800         0         0        190784
     4.500         0         0        190786
     4.700         0         0        190787
     4.800         0         0        190789
     4.600         0         0        190791
     4.800         0         0        190792
     4.500         0         0        190794
     4.500         0         0        190798
     4.600         0         0        190799
     4.700         0         0        190800
     4.600         0         0        190802
     4.600         0         0        190804
     4.500         0         0        190816
     5.000         0         0        190817
     4.800         0         0        190823
     4.700         0         0        190824
     4.700         0         0        190826
     4.900         0         0        190827
     4.700         0         0        190828
     4.900         0         0        190831
     5.300         0         0        190832
     4.700         0         0        190834
     4.500         0         0        190836
     4.900         0         0        190840
     4.700         0         0        190842
     4.600         0         0        190844
     4.700         0         0        190845
     4.800         0         0        190849
     4.800         0         0        190850
     5.200         0         0        190853
     4.500         0         0        190854
     4.700         0         0        190855
     4.600         0         0        190856
     4.500         0         0        190860
     4.700         0         0        190866
     5.000         0         0        190870
     4.700         0         0        190873
     4.700         0         0        190875
     5.100         0         0        190878
     5.100         0         0        190879
     4.800         0         0        190880
     4.600         0         0        190881
     4.700         0         0        190889
     4.800         0         0        190891
     4.600         0         0        190895
     4.600         0         0        190896
     4.600         0         0        190897
     4.700         0         0        190900
     4.900         0         0        190901
     4.700         0         0        190903
     4.700         0         0        190904
     4.800         0         0        190905
     4.600         0         0        190907
     4.600         0         0        190908
     4.500         0         0        190909
     4.500         0         0        190912
     5.700         0         0        190913
     4.500         0         0        190914
     4.700         0         0        190916
     4.600         0         0        190917
     4.600         0         0        190919
     4.700         0         0        190920
     4.900         0         0        190931
     4.500         0         0        190933
     4.700         0         0        190940
     4.800         0         0        190941
     4.600         0         0        190942
     4.800         0         0        190943
     4.600         0         0        190947
     5.000         0         0        190949
     4.500         0         0        190952
     4.500         0         0        190956
     4.500         0         0        190957
     4.600         0         0        190958
     4.700         0         0        190959
     4.600         0         0        190960
     5.600         0         0        190961
     4.600         0         0        190964
     4.600         0         0        190965
     4.900         0         0        190967
     5.200         0         0        190969
     4.600         0         0        190972
     4.800         0         0        190976
     4.600         0         0        190977
     4.600         0         0        190980
     5.100         0         0        190982
     4.900         0         0        190983
     4.900         0         0        190984
     4.500         0         0        190985
     4.800         0         0        190988
     4.600         0         0        190989
     4.600         0         0        190992
     4.500         0         0        190997
     4.600         0         0        191002
     4.500         0         0        191006
     4.800         0         0        191008
     4.900         0         0        191009
     4.600         0         0        191010
     4.500         0         0        191011
     5.200         0         0        191012
     4.600         0         0        191019
     4.800         0         0        191021
     4.500         0         0        191026
     4.600         0         0        191029
     4.800         0         0        191031
     4.600         0         0        191032
     4.700         0         0        191033
     4.900         0         0        191036
     4.900         0         0        191040
     4.600         0         0        191041
     4.600         0         0        191042
     5.100         0         0        191045
     4.800         0         0        191046
     4.800         0         0        191047
     4.800         0         0        191048
     4.500         0         0        191051
     4.500         0         0        191053
     4.900         0         0        191055
     4.500         0         0        191056
     5.000         0         0        191058
     4.800         0         0        191059
     4.800         0         0        191061
     4.600         0         0        191062
     4.500         0         0        191067
     4.600         0         0        191071
     4.700         0         0        191072
     5.000         0         0        191075
     4.800         0         0        191077
     4.600         0         0        191079
     5.100         0         0        191083
     4.800         0         0        191089
     4.700         0         0        191092
     4.600         0         0        191095
     4.500         0         0        191102
     4.600         0         0        191105
     4.500         0         0        191114
     4.700         0         0        191119
     4.500         0         0        191120
     4.600         0         0        191122
     4.500         0         0        191123
     4.500         0         0        191124
     4.900         0         0        191127
     4.500         0         0        191139
     4.900         0         0        191142
     4.700         0         0        191143
     4.600         0         0        191146
     4.500         0         0        191147
     4.500         0         0        191148
     4.500         0         0        191149
     4.700         0         0        191150
     4.700         0         0        191151
     4.600         0         0        191154
     4.900         0         0        191157
     4.600         0         0        191164
     4.500         0         0        191165
     4.900         0         0        191166
     4.800         0         0        191167
     4.600         0         0        191169
     4.800         0         0        191172
     5.100         0         0        191178
     5.000         0         0        191181
     4.500         0         0        191182
     4.500         0         0        191186
     4.800         0         0        191187
     4.800         0         0        191188
     4.600         0         0        191190
     4.500         0         0        191191
     4.800         0         0        191192
     4.500         0         0        191193
     4.800         0         0        191195
     4.500         0         0        191197
     4.700         0         0        191198
     4.600         0         0        191199
     4.500         0         0        191200
     4.700         0         0        191206
     4.800         0         0        191207
     4.900         0         0        191210
     4.600         0         0        191211
     5.100         0         0        191214
     4.500         0         0        191217
     4.800         0         0        191218
     4.600         0         0        191219
     4.700         0         0        191222
     5.000         0         0        191223
     5.800         0         0        191224
     4.600         0         0        191225
     4.800         0         0        191226
     4.700         0         0        191227
     4.700         0         0        191230
     4.700         0         0        191231
     4.700         0         0        191234
     4.800         0         0        191236
     4.700         0         0        191237
     4.900         0         0        191238
     4.700         0         0        191240
     4.500         0         0        191242
     4.500         0         0        191243
     4.900         0         0        191252
     4.600         0         0        191253
     4.800         0         0        191256
     4.800         0         0        191260
     4.700         0         0        191262
     4.600         0         0        191264
     4.600         0         0        191266
     4.800         0         0        191267
     4.700         0         0        191268
     4.900         0         0        191271
     6.200         0         0        191276
     4.500         0         0        191280
     4.600         0         0        191286
     4.700         0         0        191287
     4.600         0         0        191288
     4.600         0         0        191289
     4.500         0         0        191290
     4.500         0         0        191291
     4.700         0         0        191292
     4.500         0         0        191294
     4.500         0         0        191295
     4.800         0         0        191302
     4.600         0         0        191305
     4.600         0         0        191306
     4.600         0         0        191307
     4.500         0         0        191310
     4.800         0         0        191315
     4.700         0         0        191316
     4.700         0         0        191321
     4.700         0         0        191324
     4.600         0         0        191328
     4.700         0         0        191329
     4.900         0         0        191330
     4.500         0         0        191331
     4.500         0         0        191332
     4.700         0         0        191334
     4.600         0         0        191335
     4.500         0         0        191336
     4.700         0         0        191339
     5.000         0         0        191340
     4.500         0         0        191342
     5.000         0         0        191343
     4.600         0         0        191346
     4.900         0         0        191349
     4.800         0         0        191352
     4.500         0         0        191355
     4.700         0         0        191356
     5.300         0         0        191358
     4.700         0         0        191359
     4.800         0         0        191362
     4.800         0         0        191369
     4.900         0         0        191378
     4.500         0         0        191379
     4.600         0         0        191381
     4.500         0         0        191384
     4.500         0         0        191386
     4.700         0         0        191387
     4.600         0         0        191390
     4.500         0         0        191391
     4.500         0         0        191394
     4.500         0         0        191395
     4.500         0         0        191396
     4.600         0         0        191398
     4.500         0         0        191399
     4.900         0         0        191401
     4.700         0         0        191404
     4.800         0         0        191408
     4.600         0         0        191412
     4.600         0         0        191419
     4.700         0         0        191425
     5.500         0         0        191430
     4.700         0         0        191431
     4.700         0         0        191432
     4.700         0         0        191437
     4.500         0         0        191438
     4.600         0         0        191439
     4.600         0         0        191441
     4.900         0         0        191446
     4.600         0         0        191450
     4.600         0         0        191451
     4.500         0         0        191452
     5.200         0         0        191456
     4.500         0         0        191457
     5.100         0         0        191458
     4.600         0         0        191461
     4.500         0         0        191463
     4.500         0         0        191465
     4.600         0         0        191466
     4.500         0         0        191467
     4.800         0         0        191469
     4.700         0         0        191472
     4.600         0         0        191475
     4.600         0         0        191476
     4.900         0         0        191477
     4.700         0         0        191480
     4.500         0         0        191482
     4.700         0         0        191485
     4.500         0         0        191487
     6.000         0         0        191488
     4.800         0         0        191493
     4.500         0         0        191494
     4.500         0         0        191495
     4.500         0         0        191503
     4.700         0         0        191504
     5.100         0         0        191506
     4.600         0         0        191507
     4.600         0         0        191508
     4.500         0         0        191509
     4.500         0         0        191510
     4.800         0         0        191511
     4.900         0         0        191514
     4.800         0         0        191520
     5.000         0         0        191528
     5.900         0         0        191529
     5.100         0         0        191530
     4.600         0         0        191533
     4.600         0         0        191535
     5.300         0         0        191537
     4.500         0         0        191539
     4.700         0         0        191541
     5.500         0         0        191543
     4.500         0         0        191544
     4.800         0         0        191547
     4.500         0         0        191555
     5.200         0         0        191556
     4.700         0         0        191560
     4.700         0         0        191561
     4.600         0         0        191562
     4.600         0         0        191569
     4.600         0         0        191572
     4.800         0         0        191573
     4.700         0         0        191574
     4.600         0         0        191575
     4.800         0         0        191576
     4.600         0         0        191577
     4.600         0         0        191579
     4.600         0         0        191585
     4.900         0         0        191588
     4.600         0         0        191594
     4.700         0         0        191596
     4.500         0         0        191597
     4.900         0         0        191599
     4.800         0         0        191600
     5.100         0         0        191601
     4.700         0         0        191609
     4.500         0         0        191613
     4.600         0         0        191615
     4.500         0         0        191616
     4.500         0         0        191617
     4.700         0         0        191618
     4.600         0         0        191619
     4.700         0         0        191621
     5.100         0         0        191627
     4.900         0         0        191629
     4.900         0         0        191630
     4.600         0         0        191632
     4.500         0         0        191635
     4.600         0         0        191639
     4.600         0         0        191640
     4.700         0         0        191641
     4.700         0         0        191642
     4.500         0         0        191644
     4.800         0         0        191648
     4.700         0         0        191651
     4.500         0         0        191659
     4.600         0         0        191662
     4.700         0         0        191669
     4.600         0         0        191670
     4.500         0         0        191672
     4.500         0         0        191675
     4.700         0         0        191676
     4.700         0         0        191678
     4.600         0         0        191680
     4.500         0         0        191684
     4.500         0         0        191685
     4.700         0         0        191687
     4.900         0         0        191690
     4.500         0         0        191691
     4.900         0         0        191694
     5.300         0         0        191696
     4.600         0         0        191700
     4.800         0         0        191701
     4.600         0         0        191703
     4.900         0         0        191704
     4.600         0         0        191706
     4.700         0         0        191710
     4.500         0         0        191714
     4.900         0         0        191716
     4.600         0         0        191721
     4.500         0         0        191724
     4.600         0         0        191725
     4.800         0         0        191726
     4.600         0         0        191727
     4.800         0         0        191728
     4.500         0         0        191730
     4.600         0         0        191739
     4.700         0         0        191743
     4.600         0         0        191744
     4.600         0         0        191745
     4.600         0         0        191748
     5.100         0         0        191749
     4.600         0         0        191751
     4.700         0         0        191753
     4.500         0         0        191755
     4.900         0         0        191757
     4.600         0         0        191758
     4.600         0         0        191765
     4.500         0         0        191770
     4.600         0         0        191776
     4.700         0         0        191777
     4.700         0         0        191778
     4.800         0         0        191780
     5.100         0         0        191782
     4.500         0         0        191787
     4.500         0         0        191794
     4.500         0         0        191798
     4.900         0         0        191799
     4.800         0         0        191801
     4.600         0         0        191802
     4.500         0         0        191804
     4.700         0         0        191810
     4.600         0         0        191821
     4.700         0         0        191822
     4.500         0         0        191823
     5.100         0         0        191828
     4.900         0         0        191833
     5.800         0         0        191838
     4.500         0         0        191841
     4.500         0         0        191843
     4.700         0         0        191845
     4.700         0         0        191847
     4.700         0         0        191848
     4.700         0         0        191852
     4.500         0         0        191863
     4.500         0         0        191869
     5.400         0         0        191870
     4.600         0         0        191871
     4.700         0         0        191874
     4.700         0         0        191875
     4.700         0         0        191879
     6.200         0         0        191880
     4.500         0         0        191881
     4.800         0         0        191882
     4.700         0         0        191885
     4.500         0         0        191886
     4.600         0         0        191887
     4.700         0         0        191891
     4.600         0         0        191892
     4.500         0         0        191899
     4.500         0         0        191900
     4.600         0         0        191901
     4.900         0         0        191905
     5.100         0         0        191906
     4.700         0         0        191907
     4.600         0         0        191909
     4.500         0         0        191912
     4.700         0         0        191915
     4.500         0         0        191917
     4.500         0         0        191918
     4.600         0         0        191921
     4.500         0         0        191923
     4.800         0         0        191925
     4.500         0         0        191935
     4.700         0         0        191936
     5.000         0         0        191937
     4.500         0         0        191939
     4.700         0         0        191940
     5.100         0         0        191941
     4.600         0         0        191943
     4.800         0         0        191944
     5.100         0         0        191946
     5.700         0         0        191947
     4.600         0         0        191949
     4.800         0         0        191950
     4.800         0         0        191962
     4.800         0         0        191964
     4.800         0         0        191968
     4.600         0         0        191982
     4.800         0         0        191983
     4.900         0         0        191984
     4.600         0         0        191986
     5.000         0         0        191993
     4.900         0         0        191995
     5.800         0         0        191998
     4.600         0         0        192001
     4.500         0         0        192005
     4.700         0         0        192008
     4.700         0         0        192011
     4.800         0         0        192012
     5.500         0         0        192013
     4.600         0         0        192016
     4.600         0         0        192019
     4.700         0         0        192021
     4.600         0         0        192022
     4.500         0         0        192025
     4.700         0         0        192030
     4.600         0         0        192032
     4.700         0         0        192035
     4.600         0         0        192037
     4.900         0         0        192038
     4.700         0         0        192039
     4.500         0         0        192040
     4.600         0         0        192041
     4.700         0         0        192042
     4.500         0         0        192044
     4.500         0         0        192049
     4.600         0         0        192051
     4.600         0         0        192057
     5.000         0         0        192060
     4.500         0         0        192063
     4.700         0         0        192064
     4.800         0         0        192065
     4.600         0         0        192066
     4.600         0         0        192067
     4.800         0         0        192068
     5.000         0         0        192075
     4.500         0         0        192086
     4.900         0         0        192087
     4.600         0         0        192088
     4.500         0         0        192093
     4.600         0         0        192094
     4.700         0         0        192095
     4.600         0         0        192097
     4.900         0         0        192098
     4.600         0         0        192101
     4.500         0         0        192106
     4.700         0         0        192107
     4.500         0         0        192113
     4.700         0         0        192115
     4.600         0         0        192117
     4.500         0         0        192119
     5.000         0         0        192126
     4.500         0         0        192127
     5.000         0         0        192128
     6.200         0         0        192133
     4.700         0         0        192137
     5.600         0         0        192140
     4.600         0         0        192141
     4.600         0         0        192142
     4.700         0         0        192147
     4.600         0         0        192149
     4.700         0         0        192152
     5.200         0         0        192154
     5.000         0         0        192155
     4.500         0         0        192163
     4.800         0         0        192166
     5.900         0         0        192170
     4.600         0         0        192171
     4.500         0         0        192172
     4.500         0         0        192174
     4.900         0         0        192175
     4.500         0         0        192176
     4.700         0         0        192179
     4.600         0         0        192180
     4.700         0         0        192185
     4.900         0         0        192186
     4.600         0         0        192189
     4.900         0         0        192190
     5.000         0         0        192192
     4.600         0         0        192204
     5.100         0         0        192207
     4.900         0         0        192208
     5.100         0         0        192218
     4.700         0         0        192219
     4.600         0         0        192224
     4.900         0         0        192229
     5.000         0         0        192239
     4.500         0         0        192241
     4.600         0         0        192242
     4.600         0         0        192243
     4.600         0         0        192244
     4.700         0         0        192259
     5.000         0         0        192267
     5.000         0         0        192268
     5.000         0         0        192271
     4.800         0         0        192272
     4.500         0         0        192273
     4.500         0         0        192277
     5.500         0         0        192278
     4.500         0         0        192281
     4.600         0         0        192283
     4.600         0         0        192286
     4.500         0         0        192288
     4.800         0         0        192289
     4.900         0         0        192292
     4.700         0         0        192297
     4.900         0         0        192308
     4.600         0         0        192309
     4.800         0         0        192314
     5.200         0         0        192315
     4.600         0         0        192318
     4.700         0         0        192323
     4.600         0         0        192325
     4.600         0         0        192332
     4.500         0         0        192335
     4.900         0         0        192341
     4.500         0         0        192342
     4.700         0         0        192346
     4.700         0         0        192349
     4.600         0         0        192350
     4.500         0         0        192353
     4.600         0         0        192354
     4.800         0         0        192358
     4.600         0         0        192361
     4.600         0         0        192365
     4.700         0         0        192367
     4.500         0         0        192369
     4.700         0         0        192370
     4.700         0         0        192373
     4.800         0         0        192374
     4.600         0         0        192375
     4.500         0         0        192379
     4.700         0         0        192382
     4.500         0         0        192386
     5.100         0         0        192387
     4.500         0         0        192392
     4.500         0         0        192396
     4.700         0         0        192397
     4.500         0         0        192398
     4.500         0         0        192404
     4.500         0         0        192406
     4.600         0         0        192407
     5.000         0         0        192411
     5.400         0         0        192412
     4.700         0         0        192414
     4.700         0         0        192415
     4.500         0         0        192417
     4.500         0         0        192418
     4.500         0         0        192420
     4.500         0         0        192421
     4.600         0         0        192426
     4.700         0         0        192432
     4.600         0         0        192434
     4.700         0         0        192437
     5.000         0         0        192445
     5.200         0         0        192449
     4.700         0         0        192450
     5.200         0         0        192451
     4.700         0         0        192453
     4.700         0         0        192454
     4.800         0         0        192457
     4.700         0         0        192458
     4.500         0         0        192462
     4.800         0         0        192463
     4.800         0         0        192470
     4.800         0         0        192478
     4.700         0         0        192484
     4.600         0         0        192487
     4.600         0         0        192490
     5.700         0         0        192492
     4.600         0         0        192493
     4.600         0         0        192494
     4.800         0         0        192495
     4.500         0         0        192501
     4.700         0         0        192502
     4.500         0         0        192505
     4.800         0         0        192506
     4.800         0         0        192507
     4.600         0         0        192508
     4.600         0         0        192535
     4.700         0         0        192536
     4.500         0         0        192538
     4.700         0         0        192539
     5.100         0         0        192542
     4.700         0         0        192543
     5.000         0         0        192546
     5.100         0         0        192559
     4.700         0         0        192562
     5.000         0         0        192565
     4.600         0         0        192570
     4.700         0         0        192589
     4.600         0         0        192593
     4.700         0         0        192597
     4.700         0         0        192599
     4.600         0         0        192601
     4.600         0         0        192602
     4.600         0         0        192608
     5.200         0         0        192612
     4.500         0         0        192630
     4.800         0         0        192632
     5.200         0         0        192640
     4.800         0         0        192641
     4.800         0         0        192642
     4.700         0         0        192644
     4.800         0         0        192646
     4.700         0         0        192657
     4.600         0         0        192662
     4.700         0         0        192666
     4.600         0         0        192670
     4.500         0         0        192685
     4.600         0         0        192689
     4.500         0         0        192695
     4.600         0         0        192698
     4.800         0         0        192706
     4.500         0         0        192713
     4.500         0         0        192720
     4.700         0         0        192721
     4.600         0         0        192728
     5.000         0         0        192734
     4.700         0         0        192735
     5.100         0         0        192742
     5.100         0         0        192743
     4.800         0         0        192745
     4.600         0         0        192747
     4.800         0         0        192748
     4.900         0         0        192751
     4.700         0         0        192753
     4.500         0         0        192756
     4.700         0         0        192765
     4.500         0         0        192766
     4.800         0         0        192768
     4.800         0         0        192771
     4.500         0         0        192774
     4.500         0         0        192776
     4.600         0         0        192780
     4.500         0         0        192789
     4.600         0         0        192791
     4.500         0         0        192795
     4.600         0         0        192796
     4.800         0         0        192798
     4.500         0         0        192801
     4.600         0         0        192809
     4.500         0         0        192812
     4.500         0         0        192814
     4.600         0         0        192815
     4.800         0         0        192816
     4.800         0         0        192830
     4.800         0         0        192838
     5.300         0         0        192840
     4.700         0         0        192854
     5.800         0         0        192855
     5.100         0         0        192862
     4.700         0         0        192864
     4.500         0         0        192869
     4.800         0         0        192879
     4.500         0         0        192882
     4.600         0         0        192888
     4.800         0         0        192892
     4.600         0         0        192894
     4.600         0         0        192895
     4.500         0         0        192901
     5.600         0         0        192909
     4.700         0         0        192910
     4.500         0         0        192915
     4.700         0         0        192928
     5.600         0         0        192930
     4.500         0         0        192936
     4.900         0         0        192939
     4.900         0         0        192942
     4.600         0         0        192945
     4.500         0         0        192951
     4.700         0         0        192952
     4.700         0         0        192960
     5.800         0         0        192961
     4.600         0         0        192963
     4.700         0         0        192968
     5.000         0         0        192969
     4.800         0         0        192972
     4.600         0         0        192974
     4.600         0         0        192975
     4.700         0         0        192978
     4.900         0         0        192980
     4.500         0         0        192981
     4.600         0         0        192983
     4.600         0         0        192993
     4.800         0         0        192995
     4.500         0         0        193001
     4.800         0         0        193006
     4.600         0         0        193011
     4.600         0         0        193012
     4.600         0         0        193018
     4.700         0         0        193021
     4.600         0         0        193030
     4.700         0         0        193031
     4.600         0         0        193033
     4.800         0         0        193039
     4.700         0         0        193040
     4.500         0         0        193042
     4.700         0         0        193043
     4.700         0         0        193051
     5.000         0         0        193054
     5.000         0         0        193056
     4.800         0         0        193068
     4.700         0         0        193069
     4.600         0         0        193077
     4.500         0         0        193078
     4.700         0         0        193080
     4.800         0         0        193086
     4.800         0         0        193089
     4.800         0         0        193094
     4.900         0         0        193099
     4.500         0         0        193100
     5.100         0         0        193103
     4.600         0         0        193109
     5.000         0         0        193119
     4.800         0         0        193120
     4.800         0         0        193121
     4.700         0         0        193126
     4.700         0         0        193128
     5.200         0         0        193131
     4.600         0         0        193132
     4.700         0         0        193135
     4.500         0         0        193136
     4.700         0         0        193142
     4.700         0         0        193144
     4.700         0         0        193152
     4.700         0         0        193154
     4.600         0         0        193155
     4.900         0         0        193162
     4.600         0         0        193167
     6.100         0         0        193169
     4.800         0         0        193171
     4.500         0         0        193173
     4.600         0         0        193174
     5.500         0         0        193184
     4.500         0         0        193189
     4.700         0         0        193192
     4.600         0         0        193194
     4.600         0         0        193199
     4.700         0         0        193203
